13023 14631
13055 14799
13143 16266
13143 16634
13143 16773
13205 15166
13205 15264
13205 15365
13205 15531
13205 15735
13205 15831
13221 14799
13221 15108
13250 16851
13250 16968
13253 14875
13253 15052
13253 15076
13253 15166
13253 15264
13253 15267
13253 15365
13253 15531
13253 15735
13253 15831
13335 16634
13335 16756
13335 16773
13404 15108
13481 16236
13481 16330
13498 16266
13498 16634
13498 16665
13498 16756
13498 16773
13498 17018
13543 16330
13578 16756
13578 16773
13578 17018
13638 16330
13638 16752
13707 16752
13717 16851
13723 16752
13723 16851
13859 13492
13913 13639
13932 17038
14023 14862
14023 15108
14051 14543
14054 15257
14106 14543
14171 13456
14177 16733
14177 16832
14177 17038
14202 14002
14237 15257
14332 13432
14381 13022
14389 14196
14439 13949
14439 14002
14439 14257
14439 14395
14507 13162
14507 13882
14583 16733
14611 16733
14633 16211
14633 16421
14651 15998
14767 14002
14767 14257
14782 15257
14846 14395
14846 14933
14973 14002
