98
0 3
1 2
2 6
3 -1
4 4
5 -1
6 4
7 -1
8 8
9 -1
10 9
11 -1
12 8
13 -1
14 5
15 -1
16 6
17 -1
18 8
19 -1
20 6
21 -1
22 12
23 -1
24 6
25 -1
26 12
27 -1
28 8
29 -1
30 8
31 -1
32 10
33 -1
34 12
35 -1
36 12
37 -1
38 8
39 -1
40 12
41 -1
42 12
43 -1
44 14
45 -1
46 12
47 -1
48 14
49 -1
50 12
51 -1
52 12
53 -1
54 12
55 -1
56 10
57 -1
58 14
59 -1
60 14
61 -1
62 14
63 -1
64 14
65 -1
66 17
67 -1
68 14
69 -1
70 -1
71 -1
72 14
73 -1
74 -1
75 -1
76 14
77 -1
78 -1
79 -1
80 14
81 -1
82 14
83 -1
84 -1
85 -1
86 -1
87 -1
88 18
89 -1
90 -1
91 -1
92 14
93 -1
94 -1
95 -1
96 -1
97 -1
98 18
