00100010010000011001000001101111001010110001000000100011010111011101000001011110110011000001111101110011100001010111010100000111
10100011101101010101100110000010101000110001001000000110011110001011110000001101110011111010011101001011010111110011011011111001
10110100100001100100000101101001000011101011111100111001010100000111000110011010010100000001111111100100000111011011010000101011
11101110010110011101010000101011111100011001001011110010100101001010001010010000011110101000100111111111011000101010001110110010
10010100000000000110011101111100011101110110001100101010000110110001001010000011001010000001011001101010011101000111010101101110
01111011010000111000011011001101100000101110100000100001111000101001100101010010110011101001110110000000001111011010000001011111
11101101000100000010110111011100001001101010111100010010111100010001000010101111001010010001010011110000011110100001111001110000
10111111010011001011111001110011101000100010000001110010101010001011110111000100101000010001010111001100101010101010110001100001
00101100110100001111100111100111011011001100100000100001011110011001100111011100100110010001100111110100001001000110101101100000
00100101111101011010111010000001111001001111000100010010000111001110101100110010101110000101000101000100110010111111010110101110
11010100111101001101111110011000000100010111101111111110001001111100001101010001110011011110011110110110000100001010010101101111
10111111010101011001001111111000111010001101001011110101000101000110110011111100010010001001000011100000000110101011110101010101
01101100101000011100101101000001110011000110001101001110011100010101101010101101001000101100111101011111000101100110000111100101
11011100110000101001011001110011011001011001001100110111010001000111100111100110010000000110100000110110100100110100100100100101
10001111001001111111111010001100111011001011011001011110101110111100001010000101111101000111100111001101101101111110010000110001
00101011101100000110000100010000111101100110111000010011101101100011100000010011111100011011010011101001101101111001010101110010
10101100011010110111101010000011101111111011100010010110000011110010110000011001111001010000110000010100100111100010000111010111
11011001011011111011011001010110100100011111100110101011110111001111111100010111011011101001110101010111110110011011110001100000
10000111111110100001101111010000111010100100110000101011011101111100111111100110010000000000101100001011101000101010000000100111
01011001011100010001111000100010011100111001111110110111001101110010111101011010010111111010110010111101000001101001111111011010
10110001011011001010011111110001011000011011001001011010001101010001000110111111111010001111010010100000100001101011100100011010
01001000101000101001011000010000110000001110001111010001111101101010000011011111010010000011110000000000011000100110101101101010
11001000110111010000011011010001001101000100111101000011000110010101011101010001111010110100100100001011111110101010010100010011
10111101010101110010110110111001110111110101100110011000111010001011001000010011011011001011011011000011010101111011010111010010
10100000100100010010101001001110111111001101001010001101110011011110010110111000110111100111111000110101001011011001101101000101
01001101000000101010010110100011010111001001111110101001011000100101100111000100110010010010011111100010110110000100100101000001
10101100110101101110011011010001100000111001010100111011011000100010000000000101101011001110001000010101000010000100011000110010
10000110000011100011110011001100111010010011110001111101110011011100000011011110100011100010011110010001010000100110000000011001
10100000011000010000100111010111111100010000111111010000101001100111000111100001000010010111011110101110011100111100101101101111
11100110001000101011101100010010101101100110100101110111110010110101010101001011000000010110001010110110000001101001001001010001
11111111000111101001101001110011010001001100001000111101110110001100110011110001110000111000110100010000111110100110111110011101
00001111011001000001111110000100000111100110110101101011000110101010110101011100101011000110110110011010111000000110110111010101
10011001011000011011110000110011101101111010001011011001110001001100011001110100010101111111101000000101011001111011111010111100
10011111111100111011110001000000110011110001001000001000101011001101101010001001001111010101000011001101000100101011010110111101
10011111110111001010010100100101011011001100100111101100111110000111111000010100011010101110111010110111111100011101011000001100
11110101010011110100001011100101100110010000101111000010110111000001010100101100011001010100101100011110000110000111110011111100
01010101110110000001101110111011011001011011010011100111100001111011101011111100010111001011101001001101110011100010101010010101
11010001011000010010111100001011000100110000101000011010101101110100000111111110110011000100010100011000100010101100100101001101
10011000011000111110001001000101110010011001001010110010111110011010000100011111101000100100011011100010111111001100011111001111
11101110110101100001110000100100111101110111100000110101001010110111101111101111001101101000101110111110010110111111111010100011
11101110101100111000001001010010110110011011100110001100000101011000010101001111111000001110101010110011110011010011111111110101
01000110000101001010101110110010000110111101100001111110011101010111000111110010010110001110110001011101010010000111000011010001
10010011111111110001011100110111100110001111111111100010101111010101001110000111110011101011011000101111101110101000111011000011
01111101110110001101101001011100111100110110001000101000011001000111111110000001010001001100111011100100100001110001110011110101
10111100110100000111010001111001010011001001011110101100000011110111010010010100110100000000000101000000010110111001110010101111
00110111110011100111110111010010000000110110100100011101110011010010000110101111011110001100110010001101010001000000100000010111
10001101010010001000111101100010100111001000111010111110100010011010000100011011110100001100001011000110000101001000100011111111
01100101110000111000000010100100101001100001111111100011010000100010110100101010111011101000111010000100101001110100100010010110
00010101110011011011001110111001100101100000010100111001111111000101110110111100110110001111010001010111100110011110110001101011
01001100011010100100011001011001010010111111010011100000111011100100110110100011011011011011111010110101010010001011010111111101
00111011010100010001110101110111101010000001110001010011101010011000010101100111101000111001100000001000000010010001111110001001
01101101001010010100001111010101101100000001111110011111000011101011111001000000011100011001000111010011001101111011111110101001
11110011000111110010111011001011100110101011001010110101101010111000101001011101010101010010010100110110010010011111000100010110
11101101000000011110111010011101000010000000011001101000111011000011001001101110100110110011110010111001101101000110001010000001
00001010000011010011111000001101101110101101010011101000110001000010110000011100111011000111110000101100100111110100011000100011
11110010001100110110110100110101011110001000010000011010000111001001000111001000110001111110001111100111011010101000000000010011
01000000010000110000001011100010011111111111011001111000111110011000000000011001010010110011010011001001011111100000110110110111
11010111100110000100011010101000110111100101000011000111011110111000100000011000101101011010101000111100010010111100101110100000
10000110000110011011101101001010010011101101111111111101111001001000011101010110100100101111110110011000001001101110000000000110
11110011110111110000011001001011101001111110110010111110001001011110100101110100010010001001101100010100001000101100001000001011
11111000011100011110101110110010111100001111000110110100101011001110100000101110111001110001001000000011111000000100001101011010
01111011111101110110101110110010000001000101111001010101101000101111000100111010010100001111010100101010110001010101001100101010
01110100110010110010000000100101010001011110000110101000110111000011011001100100111010011001101000111110110101000101000011110001
10001011110101011010011011100001001000010101000110110100011011001000000111111000110001000111001111111101100111000000101000010100
10101110001000000100110110110011001010001001001100010111011111111110011101100001110000010101011101100001001010100110010010011100
01011101101111000010100011001011011000110110111110111010011001011000100011100111111100111101011011100111001010101100001110010101
11011011000011011100011010110101010111100011001000011100010100010001010010010010101111001011110000001101001001110010111000000110
10011010110011010111010010000011001110100101000101000100100011010011100011000001101110110010111001100100110101100101101010000110
01000100110000111111100011101001111001111010001001101000000010000001111111110111010000110011100100111100101111111101001101110001
00010011000100010010111011000100001100010010001000000110001011100010100110010110001011001000111101001100001111010101110111100011
10001010100011101100110001100110101101111100000000011000100011011101111111111000011111011000111011000100011011111110101111011000
00010110101001011000011110010000100100010010110110101000001011000001110100001100001010111111001010111111001010000010100011101011
01011010011011111011000001110000011100010010101001000100111100100111110000111100010001001001000111101100010110111010110110010111
00111000111010100111001111100000111011111110100100110011011001110100000101100111000100100111101101110101010110001000001011110011
01110001111010110010110100000110011111111010000011000011100011111010100111110111101101000000110101001010111100010000111101110001
01101110100011010011000001100100000100100101000010100001101111100001001000001011110010010111011101111010101110110101011111011011
10111001001101001101000011001010101001011101000001010111101101111001100010010010001001100111010100111010111001111001011000010000
00011010101010010011101101010101001110110100101110000011110011010001101100100111011010110110000111101010001001011000011110011101
00000100010100001010000001011101010011100101101100101000011011110000101101000010110001000010100111111100111100000001110101001110
01101010011001010111010010000111100000001011110100010011001110100000001100111110000110100110000101101000100100111110101110111110
11111000001001101010101010000010101101010101100000011011010010111101110101011100001110101001110101011011010011011000001111111000
01101011111000011001000101000000011011110111000001100010011011101100001010111110000101011010011000011101010111000011000011110110
01010110100111100010110010100011000011001001001111111100111001110111101100001110100100011011011100001101110000010100011000011010
01001000111001110011100000110011000001100000000100110000110101111001110101111001010011011100100110011110001101001110110001100010
00100001010000011000100010110111100011001101100010010001101100001100000110101010011001100101000011100010100011001010101110110010
11010110110000000101010101011111100010000110110100111000111111100011101110010101011011101101101100111010011010001010110111011011
11111000011011111010010110001001011111111001110011100111101111011111011001010100101100110101000010111101011001000010110110110111
11101001010110111101100011100111110000100010101100001110111000010001101011100000010010001110100110011011111010111110001101000011
00010110010001000100101110111011100000101110010101101101011100010110001011100100100111111000111001001111101000011001111000111110
00111000111101110001000110010101010101010001101110111100000100000010000100111000100100101011010000000011011000011111000000000100
10010000000001011100111000101010000111001011011000101101101101001100101011101101010100001000100011001111111111010100010111001010
10010000101111001000001110001010100100110011011011110101111101101011001111011110011011011010011000101000101101001111111001000111
11111110111000000110000010111100110011111001111111011000000101001111001011010101111000110111000111011101011001011011011011100101
10110010011010111110110011000101111001010000000111011010111111001010010100001001110001110111010000111011101101111010000100000000
10110110111110110100111000001000011100010101100011010001010010100100110001100110010111010100010011011111000011011001111111000111
11000010110000110011010101000000110110001000101110010101000010010011110110010101111011110011111110010110111110111000010100101011
00000011001010010100011000001001101111010100011001111011010000100101100110100000110010010111111101000001100011101111010111010010
00101011110001001111110101110011010000101101100101000011010101000000100010010111101110010101000111000100011110010001110000111011
11000011000000111000111011101100100010110100110111001010100100011001000000100101100000101000111110010010011100101001111011111001
11110100101001100000010100101001000001011011001011011001110110011111000111000100110010001100110000001010001001000001010111000011
01100001000101101001000011010010001010100110001111011101101001101011011100001011101101001100010010000100101111011100011000110100
01000001011011001100100101111111101010011111000001001011011011111001100010001100111111011110001100000000010010000111001011010110
11111001101101100000101010000010011000111100000001101011100100111101100011010011101111110110111001101011010111000001011101100110
10110000010111100011110100100001011001001111011011110011010010110001011001111001110110000110110101000100111111110110100111010000
10011111110111100110101000011101100000001011111011000110101111001100001011110001110111000000011001011111000010011100111000000011
01101011101111110100111111110111100110000110001010000000110110110111000011010101111011110110001110011011001111000100011000000101
10110111101100100001111010000100011001110001110101110100011111001101110001111010101100110010011001110110011110110010000011110011
10000011010001000110100001100000101111110011101011000100000101101011100101101001110110001101000001110111010100001001111111111000
01110100111111100100011111001010111101011000000111010010110110011101011100110010110000101011110001010100001001011001101000001000
10000110111101000100101110110110011110101000010001000001110101110010000111011111110100101111000010101001001100101111011001010110
01101110111011010011010000110101011111100110100110110111011011000101110100100011111110101111111001010000101000010001101011011111
00001100010111011110010100100010000010001001111001001101001101101100010101101110110010101010111101010000101010110100000000001110
11110100000101000010010001010110000001011010101010010010100011110100110111000011111111000011000001011100101110101111001101110111
00001000011010111000110000100100101011011101000011110101100000011100110101111001000101101110011100100010111011100011101001110001
11000000110001100000011001000010000101001001011101001011101000011110110010111000001101111111011001000001001110000001111011011001
01110010010110100011110100001110001000010110110100001010111010111100000011000010101110110001110100111000011010000001000001010010
00100000100110001001001110110101100111001010010011011100011010111000110100110010111011110111111100101111111010100001010011101111
11111110000001111000110001001001110100000000100101010011000110111111010000000000001010100000001010010100100001100101011100110100
10011101101101011001100010000000011010101000000110101010011011001100000111111010011101000000001100010010101111010100111010110000
11001010011101110100011110110010001101010000000011001010011100100111100101001110110100011011111100111111110010101000110011100101
01000110110111001101111001001001011000000111111100101111011011001011010001010010100100001111111101011101110010000100000100001100
00110111111011111001001100101111001011000001110100110100100001111110101010110011111101101001010101000110011011001101000000100110
11011011000111101001101110011001000101101110001111111000100011000000010010010011010011000001110011010010010010000101011101001100
00001101011011010001010001111110001000101010101100010011010011001001010100111101100001001111110101101011010111000100110101110111
01001100111101011001011111111111010000010001000001111001111110011100100010100010101111110011101010000000111101111001011000001110
10010001000100001000110011111100011000001011000110101110100000110110111100000101100100000101000000000101011010011010101001100001
01100100000100000101110011000100111101100000100000111000001010110001000100110100100001111110010101011111010000010110101000110010
11110001000101100101100110011000100000001010000000110000111100000000111010011000100011100001110111111001011111101101010010010000
